I used https://www.pdf2go.com/ to convert .doc to .txt

Quantity	      Unit Cost	              Extended Cost

476.40            1.942359                $925.34
884.30            1.942372                $1,717.64
1,907.30            1.942374                $3,704.69
1,872.50            1.942393                $3,637.13
2,030.50            1.930997                $3,920.89
1,882.40            1.930992                $3,634.90
1,954.20            1.930995                $3,773.55
500.80            1.915296                   $959.18
951.30            1.915316                $1,822.04
1,765.10            1.915336                $3,380.76
1,812.80            1.964287                $3,560.86
1,812.60            1.964300                $3,560.49
1,891.40            1.964333                $3,715.34
1,807.00            1.964322                $3,549.53
506.50            1.964304                   $994.92
877.80            1.964320                $1,724.28
1,736.50            1.964296                $3,411.00
1,787.70            1.964340                $3,511.65
1,850.10            1.964315                $3,634.18
1,868.80            2.025771                $3,785.76

1,890.20            2.025749                $3,829.07
429.00            2.025758                   $869.05
916.70            2.095767                $1,921.19
1,894.20            2.095750                $3,969.77
1,926.10            2.095769                $4,036.66
1,908.10            2.095755                $3,998.91
1,987.60            2.095739                $4,165.49
1,892.10            2.095761                $3,965.39
553.40            2.145934                $1,187.56
969.60            2.145926                $2,080.69
1,956.90            2.145914                $4,199.34
2,001.10            2.145895                $4,294.15
2,006.90            2.157527                $4,329.94
2,365.20            2.157513                $5,102.95
463.00            2.157495                   $998.92
1,081.50            2.157503                $2,333.34
2,094.60            2.157529                $4,519.16
2,120.10            2.157535                $4,574.19
2,165.70            2.152482                $4,661.63
1,996.10            2.152487                $4,296.58

1,987.40            2.136978                $4,247.03
548.90            2.137001                $1,173.00
1,039.00            2.136978                $2,220.32
2,099.10            2.136963                $4,485.70
2,085.10            2.136991                $4,455.84
2,113.60            2.137003                $4,516.77
1,954.70            2.143664                $4,190.22
2,037.50            2.143681                $4,367.75
446.50            2.143695                   $957.16
904.70            2.143694                $1,939.40
2,531.30            2.143697                $5,426.34
2,584.70            2.153136                $5,565.21
2,767.10            2.153150                $5,957.98
2,550.50            2.153146                $5,491.60
2,715.80            2.153145                $5,847.51
722.30            2.153150                $1,555.22
1,170.60            2.153135                $2,520.46
2,622.60            2.153161                $5,646.88
2,563.40            2.153156                $5,519.40
2,546.50            2.152578                $5,481.54

2,638.50            2.152568                $5,679.55
2,581.60            2.147246                $5,543.33
714.30            2.145205                $1,532.32
1,211.80            2.145197                $2,599.55
2,504.80            2.145181                $5,373.25
2,604.20            2.145189                $5,586.50
2,644.90            2.145193                $5,673.82
2,509.50            2.145192                $5,383.36
2,499.00            2.127463                $5,316.53
1,151.20            2.127476                $2,449.15
2,625.00            2.127482                $5,584.64
2,628.60            2.127482                $5,592.30
2,742.00            2.131189                $5,843.72
2,565.20            2.131194                $5,466.94
14.40            2.131194                     $30.69
2,592.30            2.131196                $5,524.70
746.80            2.128709                $1,589.72
1,262.60            2.128719                $2,687.72
2,676.30            2.128719                $5,697.09
2,599.80            2.128452                $5,533.55

2,542.30            2.110266                $5,364.93
2,560.90            2.110274                $5,404.20
2,681.30            2.097691                $5,624.54
740.40            2.097690                $1,553.13
1,210.70            2.097720                $2,539.71
2,617.80            2.097689                $5,491.33
2,611.30            2.097710                $5,477.75
2,521.30            2.083806                $5,253.90
2,580.30            2.083808                $5,376.85
2,689.50            2.083822                $5,604.44
697.30            2.079908                $1,450.32
1,343.80            2.079952                $2,795.04
2,672.00            2.079940                $5,557.60
2,571.50            2.079969                $5,348.64
2,634.50            2.077017                $5,471.90
2,623.40            2.077034                $5,448.89
2,786.00            2.077024                $5,786.59
681.80            2.083749                $1,420.70
792.10            2.083765                $1,650.55
1,769.90            2.083745                $3,688.02

1,717.60            2.083774                $3,579.09
1,684.00            2.083753                $3,509.04
1,684.30            2.083026                $3,508.44
1,810.70            2.083023                $3,771.73
383.00            2.083316                   $797.91
908.10            2.083295                $1,891.84
2,505.30            2.077747                $5,205.38
2,427.20            2.077748                $5,043.11
2,762.90            2.077748                $5,740.61
2,605.50            2.077762                $5,413.61
2,741.80            2.076351                $5,692.94
610.20            2.076319                $1,266.97
1,152.50            2.076321                $2,392.96
2,802.10            2.076346                $5,818.13
2,833.10            2.069037                $5,861.79
2,641.40            2.069043                $5,465.17
3,009.00            2.069046                $6,225.76
3,097.60            2.063194                $6,390.95
814.10            2.063162                $1,679.62
1,280.50            2.063210                $2,641.94

2,719.40            2.063201                $5,610.67
2,756.70            2.047278                $5,643.72
2,759.10            2.047273                $5,648.63
2,713.60            2.029463                $5,507.15
2,934.80            2.029436                $5,955.99
715.50            2.029406                $1,452.04
1,218.60            2.029427                $2,473.06
2,665.00            2.029433                $5,408.44
2,664.70            2.004331                $5,340.94
2,831.40            2.004341                $5,675.09
2,700.00            1.985356                $5,360.46
2,677.70            1.985346                $5,316.16
770.90            1.948787                $1,502.32
1,237.00            1.948755                $2,410.61
2,912.40            1.948788                $5,675.65
2,697.50            1.948793                $5,256.87
2,878.30            1.930685                $5,557.09
2,908.90            1.930658                $5,616.09
2,712.80            1.930669                $5,237.52
759.50            1.925780                $1,462.63

1,164.40            1.925790                $2,242.39
3,186.50            1.925787                $6,136.52
2,743.50            1.925777                $5,283.37
2,816.90            1.900966                $5,354.83
2,797.60            1.900954                $5,318.11
2,649.10            1.900985                $5,035.90
683.90            1.871516                $1,279.93
1,219.80            1.871438                $2,282.78
2,893.90            1.871454                $5,415.80
3,038.90            1.871470                $5,687.21
2,777.60            1.826274                $5,072.66
3,162.20            1.826301                $5,775.13
2,989.30            1.826297                $5,459.35
770.40            1.795379                $1,383.16
1,386.60            1.795392                $2,489.49
3,010.20            1.795382                $5,404.46
2,911.50            1.742394                $5,072.98
2,816.40            1.742402                $4,907.30
2,796.40            1.742397                $4,872.44
2,407.10            1.742400                $4,194.13

806.70            1.718718                $1,386.49
1,308.20            1.718690                $2,248.39
2,807.00            1.718693                $4,824.37
2,744.30            1.712094                $4,698.50
2,729.70            1.712111                $4,673.55
2,605.20            1.712095                $4,460.35
2,874.10            1.709450                $4,913.13
732.90            1.709483                $1,252.88
1,049.80            1.709478                $1,794.61
2,013.90            1.709479                $3,442.72
2,010.10            1.723860                $3,465.13
2,139.40            1.723871                $3,688.05
1,955.80            1.723867                $3,371.54
1,803.90            1.723871                $3,109.69
444.40            1.773222                   $788.02
899.00            1.773281                $1,594.18
1,730.20            1.773257                $3,068.09
1,758.10            1.773244                $3,117.54
1,741.50            1.773253                $3,088.12
1,470.10            1.773213                $2,606.80

439.20            1.773201                   $778.79
871.80            1.832702                $1,597.75
1,847.50            1.832709                $3,385.93
1,732.50            1.832687                $3,175.13
1,726.00            1.832700                $3,163.24
1,442.30            1.832663                $2,643.25
480.90            1.832647                   $881.32
877.70            1.882602                $1,652.36
2,051.70            1.878871                $3,854.88
2,486.50            1.879011                $4,672.16
2,604.20            1.879015                $4,893.33
2,505.40            1.908534                $4,781.64
2,643.00            1.908558                $5,044.32
702.30            1.943842                $1,365.16
1,173.10            1.945435                $2,282.19
2,644.00            1.945477                $5,143.84
2,437.80            1.945463                $4,742.65
2,694.60            1.945446                $5,242.20
2,616.30            1.975343                $5,168.09
2,838.80            1.982803                $5,628.78

722.90            2.002130                $1,447.34
1,385.10            2.027334                $2,808.06
2,748.30            2.027337                $5,571.73
2,814.60            2.027332                $5,706.13
2,703.50            2.087790                $5,644.34
2,711.80            2.087779                $5,661.64
2,795.20            2.087768                $5,835.73
704.70            2.162296                $1,523.77
1,191.30            2.162268                $2,575.91
2,723.70            2.162290                $5,889.43
2,615.80            2.162291                $5,656.12
2,821.00            2.254119                $6,358.87
2,861.70            2.254387                $6,451.38
2,864.20            2.254403                $6,457.06
676.40            2.279672                $1,541.97
931.90            2.309658                $2,152.37
1,761.80            2.309638                $4,069.12
1,708.00            2.309649                $3,944.88
2,004.20            2.309665                $4,629.03
2,002.30            2.342736                $4,690.86

442.20            2.342696                $1,035.94
907.30            2.342720                $2,125.55
2,869.80            2.342735                $6,723.18
2,798.60            2.342739                $6,556.39
2,884.20            2.342719                $6,756.87
2,813.00            2.375055                $6,681.03
2,814.00            2.375060                $6,683.42
614.50            2.398373                $1,473.80
36.00            2.254405                     $81.16
1,241.70            2.398405                $2,978.10
2,849.60            2.398414                $6,834.52
2,706.60            2.416242                $6,539.80
2,801.20            2.420770                $6,781.06
2,665.20            2.420775                $6,451.85
2,714.90            2.440701                $6,626.26
745.30            2.440668                $1,819.03
1,325.30            2.440708                $3,234.67
2,669.20            2.440694                $6,514.70
2,791.40            2.444336                $6,823.12
2,616.50            2.444319                $6,395.56

2,626.60            2.444308                $6,420.22
2,533.00            2.444327                $6,191.48
744.30            2.449510                $1,823.17
1,262.90            2.449497                $3,093.47
2,487.70            2.449487                $6,093.59
2,333.10            2.463371                $5,747.29
2,634.80            2.463390                $6,490.54
2,643.90            2.463399                $6,512.98
2,600.40            2.464532                $6,408.77
663.30            2.464541                $1,634.73
1,132.10            2.464500                $2,790.06
2,730.00            2.464516                $6,728.13
2,704.50            2.471533                $6,684.26
2,822.90            2.471540                $6,976.91
2,523.60            2.471588                $6,237.30
2,763.30            2.474132                $6,836.77
684.00            2.474094                $1,692.28
1,276.40            2.474154                $3,158.01
2,742.60            2.474123                $6,785.53
2,720.20            2.470594                $6,720.51

2,861.60            2.443245                $6,991.59
3,018.40            2.443301                $7,374.86
2,656.30            2.443293                $6,490.12
789.20            2.443310                $1,928.26
1,388.00            2.443307                $3,391.31
2,951.60            2.417736                $7,136.19
2,838.10            2.417734                $6,861.77
3,176.30            2.367352                $7,519.42
2,973.00            2.367349                $7,038.13
2,994.20            2.367267                $7,088.07
40.40            2.474118                     $99.95
861.70            2.336103                $2,013.02
1,219.50            2.336121                $2,848.90
2,882.60            2.336096                $6,734.03
2,791.30            2.336109                $6,520.78
2,694.80            2.313589                $6,234.66
3,053.90            2.313579                $7,065.44
2,791.80            2.313586                $6,459.07
708.10            2.313402                $1,638.12
1,278.60            2.313476                $2,958.01

3,050.00            2.313439                $7,055.99
3,258.80            2.313434                $7,539.02
2,953.10            2.307504                $6,814.29
3,098.60            2.307516                $7,150.07
3,121.90            2.307492                $7,203.76
805.30            2.315274                $1,864.49
1,397.90            2.315244                $3,236.48
3,021.40            2.315248                $6,995.29
2,954.00            2.316676                $6,843.46
3,020.10            2.316682                $6,996.61
2,978.60            2.306412                $6,869.88
2,867.90            2.306433                $6,614.62
856.40            2.306189                $1,975.02
1,340.50            2.306229                $3,091.50
3,015.60            2.306194                $6,954.56
3,191.90            2.306200                $7,361.16
3,302.70            2.295852                $7,582.51
3,206.90            2.291618                $7,348.99
986.70            2.291608                $2,261.13
1,367.30            2.291626                $3,133.34

3,066.60            2.291636                $7,027.53
2,987.10            2.268153                $6,775.20
3,143.90            2.238557                $7,037.80
3,282.60            2.238552                $7,348.27
3,266.60            2.238554                $7,312.46
902.20            2.224396                $2,006.85
1,279.70            2.224389                $2,846.55
2,772.20            2.224374                $6,166.41
2,384.70            2.224364                $5,304.44
2,448.10            2.224399                $5,445.55
2,215.30            2.226123                $4,931.53
2,407.60            2.226134                $5,359.64
505.90            2.226112                $1,126.19
1,105.10            2.226124                $2,460.09
2,262.00            2.226123                $5,035.49
2,286.10            2.233323                $5,105.60
2,056.60            2.233327                $4,593.06
2,166.00            2.233315                $4,837.36
2,100.70            2.231432                $4,687.57
527.10            2.231455                $1,176.20

1,018.70            2.231462                $2,273.19
2,125.30            2.231417                $4,742.43
2,472.00            2.231432                $5,516.10
2,023.20            2.231445                $4,514.66
1,957.10            2.233964                $4,372.09
2,238.10            2.233931                $4,999.76
517.70            2.231254                $1,155.12
1,036.10            2.231213                $2,311.76
2,025.70            2.231204                $4,519.75
2,120.70            2.231193                $4,731.69
1,883.60            2.231212                $4,202.71
1,856.60            2.231170                $4,142.39
2,010.30            2.231174                $4,485.33
546.00            2.220403                $1,212.34
936.00            2.220363                $2,078.26
1,906.10            2.220408                $4,232.32
2,043.90            2.220397                $4,538.27
2,052.10            2.213079                $4,541.46
1,914.90            2.213113                $4,237.89
2,016.40            2.213073                $4,462.44

478.20            2.218130                $1,060.71
909.80            2.218136                $2,018.06
2,023.90            2.218148                $4,489.31
2,096.10            2.218138                $4,649.44
1,954.20            2.218125                $4,334.66
1,843.40            2.218135                $4,088.91
2,034.80            2.237743                $4,553.36
471.20            2.237755                $1,054.43
996.40            2.237766                $2,229.71
2,106.60            2.237743                $4,714.03
2,064.50            2.237757                $4,619.85
2,091.30            2.246569                $4,698.25
2,016.50            2.246546                $4,530.16
2,201.00            2.246025                $4,943.50
502.90            2.246033                $1,129.53
911.50            2.246023                $2,047.25
1,971.20            2.246038                $4,427.39
2,015.30            2.246048                $4,526.46
2,079.10            2.246044                $4,669.75
2,157.20            2.241443                $4,835.24

483.30            2.241527                $1,083.33

361 Transactions
Total:
719,717.60

1,539,784.82
